//CODES TEAC CR-225

// VOL_UP

Protocol  : NEC
Code      : 0xA156F906 (32 Bits)
uint16_t rawData[71] = {9026, 4438,  596, 1634,  596, 508,  596, 1634,  596, 504,  598, 506,  596, 504,  596, 508,  596, 1634,  596, 508,  596, 1634,  596, 504,  600, 1634,  596, 504,  596, 1634,  596, 1634,  600, 504,  596, 1634,  596, 1630,  600, 1630,  602, 1630,  596, 1634,  596, 504,  596, 508,  596, 1630,  602, 504,  596, 504,  596, 508,  596, 504,  596, 504,  596, 1634,  596, 1634,  596, 504,  596, 40948,  9028, 2208,  602};  // NEC A156F906
uint32_t address = 0x6A85;
uint32_t command = 0x9F;
uint64_t data = 0xA156F906;

// VOL_DOWN 

Protocol  : NEC
Code      : 0xA1567986 (32 Bits)
uint16_t rawData[71] = {9020, 4438,  596, 1634,  596, 508,  596, 1630,  600, 502,  596, 504,  600, 502,  598, 502,  596, 1634,  596, 504,  600, 1628,  602, 502,  596, 1634,  596, 504,  596, 1634,  596, 1634,  596, 508,  596, 504,  596, 1632,  596, 1634,  596, 1634,  596, 1634,  596, 504,  596, 508,  596, 1634,  596, 1634,  596, 502,  602, 502,  596, 504,  600, 502,  596, 1634,  596, 1634,  596, 502,  596, 40952,  9020, 2212,  596};  // NEC A1567986
uint32_t address = 0x6A85;
uint32_t command = 0x9E;
uint64_t data = 0xA1567986;

// ON/OFF

Protocol  : NEC
Code      : 0xA156E916 (32 Bits)
uint16_t rawData[73] = {9020, 4440,  602, 1630,  596, 504,  596, 1634,  596, 504,  596, 508,  596, 504,  596, 508,  592, 1634,  596, 508,  592, 1634,  596, 504,  596, 1634,  598, 504,  596, 1634,  598, 1634,  598, 502,  598, 1634,  598, 1634,  596, 1634,  596, 504,  598, 1634,  596, 504,  596, 504,  600, 1630,  596, 504,  596, 508,  598, 502,  598, 1630,  602, 502,  598, 1630,  602, 1630,  596, 508,  596, 40946,  9020, 2208,  596, 17494,  828};  // NEC A156E916
uint32_t address = 0x6A85;
uint32_t command = 0x97;
uint64_t data = 0xA156E916;

// MUTE

Protocol  : NEC
Code      : 0xA1569966 (32 Bits)
uint16_t rawData[71] = {9020, 4436,  596, 1634,  596, 504,  596, 1630,  596, 508,  592, 508,  592, 508,  592, 508,  596, 1630,  596, 504,  596, 1630,  596, 508,  596, 1630,  596, 504,  596, 1634,  596, 1630,  596, 504,  596, 1636,  596, 504,  596, 504,  596, 1630,  596, 1634,  598, 502,  598, 504,  596, 
1630,  596, 508,  596, 1630,  596, 1630,  600, 504,  598, 504,  596, 1630,  596, 1630,  602, 504,  598, 40926,  9018, 2208,  596};  // NEC A1569966
uint32_t address = 0x6A85;
uint32_t command = 0x99;
uint64_t data = 0xA1569966;

// AUX2

Protocol  : NEC
Code      : 0xA15624DB (32 Bits)
uint16_t rawData[71] = {8998, 4422,  600, 1634,  600, 508,  542, 1690,  600, 512,  622, 504,  596, 508,  622, 508,  602, 1630,  606, 504,  540, 1694,  602, 508,  622, 1614,  622, 508,  596, 1634,  600, 1634,  602, 508,  540, 590,  600, 504,  600, 1630,  606, 508,  622, 504,  602, 1634,  600, 502,  618, 516,  596, 1634,  600, 1612,  626, 504,  596, 1634,  604, 1630,  606, 502,  588, 1644,  548, 1686,  606, 40428,  8996, 2186,  602};  // NEC A15624DB
uint32_t address = 0x6A85;
uint32_t command = 0x24;
uint64_t data = 0xA15624DB;

// AUX3

rotocol  : NEC
Code      : 0xA15628D7 (32 Bits)
uint16_t rawData[71] = {8994, 4424,  602, 1634,  602, 504,  570, 1664,  600, 508,  622, 504,  602, 508,  618, 508,  600, 1634,  602, 502,  546, 1690,  602, 506,  622, 1614,  622, 504,  600, 1634,  600, 1634,  602, 504,  544, 590,  596, 504,  602, 1634,  602, 508,  622, 1614,  618, 512,  596, 508,  614, 516,  596, 1634,  600, 1614,  622, 508,  596, 1634,  602, 508,  618, 1614,  592, 1646,  542, 1694,  596, 40434,  8998, 2186,  600};  // NEC A15628D7
uint32_t address = 0x6A85;
uint32_t command = 0x14;
uint64_t data = 0xA15628D7;

